name: gat
channels:
  - pytorch
  - defaults
dependencies:
  - absl-py=0.4.1=py35_0
  - astor=0.7.1=py35_0
  - blas=1.0=mkl
  - bleach=1.5.0=py35_0
  - ca-certificates=2019.1.23=0
  - certifi=2018.8.24=py35_1
  - cffi=1.11.5=py35he75722e_1
  - decorator=4.3.0=py35_0
  - gast=0.2.0=py35_0
  - grpcio=1.12.1=py35hdbcaa40_0
  - html5lib=0.9999999=py35_0
  - intel-openmp=2019.1=144
  - libedit=3.1.20181209=hc058e9b_0
  - libffi=3.2.1=hd88cf55_4
  - libgcc-ng=8.2.0=hdf63c60_1
  - libgfortran-ng=7.3.0=hdf63c60_0
  - libprotobuf=3.6.0=hdbcaa40_0
  - libstdcxx-ng=8.2.0=hdf63c60_1
  - markdown=2.6.11=py35_0
  - mkl=2018.0.3=1
  - ncurses=6.1=he6710b0_1
  - networkx=2.1=py35_0
  - ninja=1.8.2=py35h6bb024c_1
  - numpy=1.14.1=py35ha266831_2
  - openssl=1.0.2r=h7b6447c_0
  - pip=10.0.1=py35_0
  - protobuf=3.6.0=py35hf484d3e_0
  - pycparser=2.19=py35_0
  - python=3.5.6=hc3d631a_0
  - readline=7.0=h7b6447c_5
  - scipy=1.1.0=py35hd20e5f9_0
  - setuptools=40.2.0=py35_0
  - six=1.11.0=py35_1
  - sqlite=3.26.0=h7b6447c_0
  - tensorboard=1.6.0=py35hf484d3e_1
  - tensorflow=1.6.0=0
  - tensorflow-base=1.6.0=py35hdbcaa40_1
  - termcolor=1.1.0=py35_1
  - tk=8.6.8=hbc83047_0
  - werkzeug=0.14.1=py35_0
  - wheel=0.31.1=py35_0
  - xz=5.2.4=h14c3975_4
  - zlib=1.2.11=h7b6447c_3
  - pytorch=0.4.1=py35_py27__9.0.176_7.1.2_2
  - pip:
    - boto==2.49.0
    - boto3==1.9.111
    - botocore==1.12.111
    - bz2file==0.98
    - chardet==3.0.4
    - docutils==0.14
    - gensim==3.7.1
    - idna==2.8
    - jmespath==0.9.4
    - python-dateutil==2.8.0
    - requests==2.21.0
    - s3transfer==0.2.0
    - scikit-learn==0.20.3
    - sklearn==0.0
    - smart-open==1.8.0
    - torch==0.4.1.post2
    - tqdm==4.31.1
    - urllib3==1.24.1
prefix: /home/yindong/anaconda3/envs/gat
